1.42909,1.2679,1.98245
1.42909,1.2679,1.98245
1.42909,1.2679,1.98245
1.42909,1.2679,1.98245
1.42909,1.2679,1.98245
1.42909,1.2679,1.98245
1.42909,1.2679,1.98245
1.42909,1.2679,1.98245
1.42909,1.2679,1.98245
1.42909,1.2679,1.98245
1.42909,1.2679,1.98245
1.42909,1.2679,1.98245
1.42909,1.2679,1.98245
1.42909,1.2679,1.98245
1.42909,1.2679,1.98245
1.42909,1.2679,1.98245
1.42909,1.2679,1.98245
1.42909,1.2679,1.98245
1.42909,1.2679,1.98245
1.42909,1.2679,1.98245
1.42909,1.2679,1.98245
1.42909,1.2679,1.98245
1.42909,1.2679,1.98245
1.42909,1.2679,1.98245
1.42909,1.2679,1.98245
1.42909,1.2679,1.98245
1.42909,1.2679,1.98245
1.42909,1.2679,1.98245
1.42909,1.2679,1.98245
1.42909,1.2679,1.98245
1.42909,1.2679,1.98245
1.42909,1.2679,1.98245
1.42909,1.2679,1.98245
1.42909,1.2679,1.98245
1.42909,1.2679,1.98245
1.42909,1.2679,1.98245
1.42909,1.2679,1.98245
1.42909,1.2679,1.98245
1.42909,1.2679,1.98245
1.42909,1.2679,1.98245
1.42909,1.2679,1.98245
1.42909,1.2679,1.98245
1.42909,1.2679,1.98245
1.42909,1.2679,1.98245
1.42909,1.2679,1.98245
1.42909,1.2679,1.98245
1.42909,1.2679,1.98245
1.42909,1.2679,1.98245
1.42909,1.2679,1.98245
1.42909,1.2679,1.98245
